	3rd-party-talk	Acknowledge (Backchannel)	Action-directive	Agree/Accept	Apology	Appreciation	Collaborative Completion	Conventional-closing	Conventional-opening	Declarative Yes-No-Question	Downplayer	Hold Before Answer/Agreement	No Answers	Offers, Options, Commits	Open-Question	Or-Clause	Other	Quotation	Reject	Repeat-phrase	Rhetorical-Question	Signal-non-understanding	Statement-non-opinion	Statement-opinion	Summarize/Reformulate	Thanking	Uninterpretable	Wh-Question	Yes-No-Question
Action-directive|Action-directive	0.000000	0.000000	0.036594	0.000000	0.000000	0.000000	0.002717	0.000000	0.000000	0.000000	0.000000	0.000000	0.000000	0.000000	0.000000	0.000000	0.000000	0.010870	0.000000	0.000000	0.005435	0.000000	0.056522	0.000000	0.000000	0.000000	0.000000	0.024638	0.026268
Action-directive|Quotation	0.000000	0.000000	0.008152	0.000000	0.000000	0.000000	0.000000	0.000000	0.000000	0.000000	0.000000	0.000000	0.000000	0.000000	0.000000	0.000000	0.000000	0.000000	0.000000	0.000000	0.010870	0.000000	0.021739	0.000000	0.000000	0.000000	0.000000	0.000000	0.008152
Action-directive|Rhetorical-Question	0.000000	0.000000	0.027174	0.000000	0.000000	0.000000	0.000000	0.000000	0.000000	0.000000	0.000000	0.000000	0.000000	0.000000	0.000000	0.000000	0.000000	0.000000	0.000000	0.000000	0.000000	0.000000	0.010870	0.010870	0.000000	0.000000	0.000000	0.005435	0.000000
Action-directive|Statement-non-opinion	0.000000	0.000000	0.022101	0.000000	0.000000	0.000000	0.000000	0.000000	0.000000	0.000000	0.000000	0.000000	0.000000	0.000000	0.000000	0.000000	0.000543	0.017663	0.000000	0.000000	0.004167	0.000000	0.186232	0.002717	0.000000	0.000000	0.000000	0.037138	0.055525
Action-directive|Wh-Question	0.000000	0.000000	0.007246	0.000000	0.000000	0.000000	0.000000	0.000000	0.000000	0.000000	0.000000	0.000000	0.000000	0.000000	0.000000	0.000000	0.000000	0.018116	0.000000	0.000000	0.024457	0.000000	0.050725	0.000000	0.000000	0.000000	0.000000	0.019022	0.021739
Action-directive|Yes-No-Question	0.000000	0.000000	0.021739	0.000000	0.000000	0.000000	0.000000	0.000000	0.000000	0.000000	0.000000	0.000000	0.000000	0.000000	0.000000	0.000000	0.000000	0.000000	0.000000	0.000000	0.013587	0.000000	0.040761	0.000000	0.000000	0.000000	0.000000	0.043478	0.038043
Collaborative Completion|Statement-non-opinion	0.000000	0.000000	0.000000	0.000000	0.000000	0.000000	0.000000	0.000000	0.000000	0.000000	0.000000	0.000000	0.000000	0.000000	0.000000	0.000000	0.000000	0.000000	0.000000	0.000000	0.000000	0.000000	0.032609	0.000000	0.000000	0.000000	0.000000	0.016304	0.010870
Conventional-opening|Statement-non-opinion	0.000000	0.000000	0.005435	0.000000	0.000000	0.000000	0.000000	0.000000	0.000000	0.000000	0.000000	0.000000	0.000000	0.000000	0.000000	0.000000	0.000000	0.000000	0.000000	0.000000	0.000000	0.000000	0.005435	0.000000	0.000000	0.000000	0.000000	0.005435	0.021739
Declarative Yes-No-Question|Statement-non-opinion	0.000000	0.000000	0.000000	0.000000	0.000000	0.000000	0.000000	0.000000	0.000000	0.000000	0.000000	0.000000	0.000000	0.000000	0.000000	0.000000	0.000000	0.000000	0.000000	0.000000	0.000000	0.000000	0.021739	0.000000	0.000000	0.000000	0.000000	0.000000	0.010870
Hold Before Answer/Agreement|Statement-non-opinion	0.000000	0.000000	0.000000	0.000000	0.000000	0.000000	0.000000	0.000000	0.000000	0.000000	0.000000	0.000000	0.000000	0.000000	0.000000	0.000000	0.000000	0.005435	0.000000	0.000000	0.000000	0.000000	0.021739	0.000000	0.000000	0.000000	0.000000	0.000000	0.005435
Open-Question|Statement-non-opinion	0.000000	0.000000	0.000000	0.000000	0.000000	0.000000	0.000000	0.000000	0.000000	0.000000	0.000000	0.000000	0.000000	0.000000	0.000000	0.000000	0.000000	0.005435	0.000000	0.000000	0.005435	0.000000	0.005435	0.000000	0.000000	0.000000	0.005435	0.021739	0.005435
Other|Statement-non-opinion	0.000000	0.000000	0.000000	0.000000	0.000000	0.000000	0.000000	0.000000	0.000000	0.000000	0.000000	0.000000	0.000000	0.000000	0.000000	0.000000	0.000000	0.000000	0.000000	0.000000	0.000000	0.000000	0.026087	0.000000	0.000000	0.000000	0.000000	0.005435	0.001087
Quotation|Action-directive	0.000000	0.000000	0.000000	0.000000	0.000000	0.000000	0.000000	0.000000	0.000000	0.000000	0.000000	0.000000	0.000000	0.000000	0.000000	0.000000	0.000000	0.000000	0.000000	0.000000	0.000000	0.000000	0.021739	0.000000	0.000000	0.000000	0.000000	0.016304	0.000000
Quotation|Rhetorical-Question	0.000000	0.000000	0.000000	0.000000	0.000000	0.000000	0.000000	0.000000	0.000000	0.000000	0.000000	0.000000	0.000000	0.000000	0.000000	0.000000	0.000000	0.000000	0.000000	0.000000	0.021739	0.000000	0.016304	0.000000	0.000000	0.000000	0.000000	0.016304	0.005435
Quotation|Statement-non-opinion	0.000000	0.000000	0.010870	0.000000	0.000000	0.000000	0.002717	0.000000	0.000000	0.000000	0.000000	0.000000	0.000000	0.002717	0.000000	0.000000	0.000000	0.004529	0.000000	0.000000	0.021739	0.000000	0.124094	0.000000	0.000000	0.000000	0.000000	0.032609	0.001812
Quotation|Wh-Question	0.000000	0.000000	0.016304	0.000000	0.000000	0.000000	0.000000	0.000000	0.000000	0.005435	0.000000	0.000000	0.000000	0.000000	0.000000	0.000000	0.000000	0.000000	0.000000	0.000000	0.008152	0.000000	0.005435	0.000000	0.000000	0.000000	0.000000	0.035326	0.010870
Quotation|Yes-No-Question	0.000000	0.000000	0.000000	0.000000	0.000000	0.000000	0.000000	0.000000	0.000000	0.000000	0.000000	0.000000	0.000000	0.000000	0.000000	0.000000	0.000000	0.016304	0.000000	0.000000	0.000000	0.000000	0.013587	0.002717	0.000000	0.000000	0.000000	0.021739	0.010870
Repeat-phrase|Wh-Question	0.000000	0.000000	0.000000	0.000000	0.000000	0.000000	0.000000	0.000000	0.000000	0.000000	0.000000	0.000000	0.000000	0.000000	0.000000	0.000000	0.000000	0.000000	0.000000	0.000000	0.000000	0.000000	0.016304	0.000000	0.000000	0.000000	0.005435	0.000000	0.005435
Rhetorical-Question|Action-directive	0.000000	0.000000	0.038043	0.000000	0.000000	0.000000	0.000000	0.000000	0.000000	0.000000	0.000000	0.000000	0.000000	0.000000	0.000000	0.000000	0.000000	0.010870	0.000000	0.000000	0.005435	0.000000	0.038043	0.000000	0.000000	0.000000	0.000000	0.016304	0.032609
Rhetorical-Question|Downplayer	0.000000	0.000000	0.000000	0.000000	0.000000	0.000000	0.000000	0.000000	0.000000	0.000000	0.002717	0.000000	0.000000	0.000000	0.000000	0.000000	0.000000	0.000000	0.000000	0.000000	0.005435	0.000000	0.005435	0.000000	0.000000	0.000000	0.000000	0.008152	0.005435
Rhetorical-Question|Open-Question	0.000000	0.000000	0.000000	0.000000	0.000000	0.000000	0.000000	0.000000	0.000000	0.000000	0.000000	0.000000	0.000000	0.000000	0.000000	0.000000	0.000000	0.000000	0.000000	0.000000	0.000000	0.000000	0.016304	0.000000	0.000000	0.000000	0.005435	0.005435	0.000000
Rhetorical-Question|Quotation	0.000000	0.000000	0.016304	0.000000	0.000000	0.000000	0.005435	0.000000	0.000000	0.000000	0.000000	0.000000	0.000000	0.000000	0.005435	0.000000	0.000000	0.005435	0.000000	0.000000	0.016304	0.000000	0.010870	0.005435	0.000000	0.000000	0.000000	0.000000	0.000000
Rhetorical-Question|Rhetorical-Question	0.000000	0.000000	0.000000	0.000000	0.000000	0.000000	0.000000	0.000000	0.000000	0.000000	0.001087	0.000000	0.000000	0.000000	0.005435	0.000000	0.000000	0.005435	0.000000	0.000000	0.028804	0.000000	0.093297	0.000000	0.000000	0.000000	0.005435	0.042572	0.035326
Rhetorical-Question|Statement-non-opinion	0.000000	0.000000	0.010870	0.000000	0.000000	0.000000	0.000000	0.000000	0.000000	0.005435	0.000000	0.000000	0.000000	0.000000	0.000000	0.000000	0.000000	0.000000	0.000000	0.000000	0.040761	0.000000	0.169384	0.001812	0.000000	0.000000	0.005435	0.037138	0.049819
Rhetorical-Question|Uninterpretable	0.000000	0.000000	0.005435	0.000000	0.000000	0.000000	0.000000	0.000000	0.000000	0.000000	0.000000	0.000000	0.000000	0.000000	0.000000	0.000000	0.000000	0.000000	0.000000	0.000000	0.000000	0.000000	0.021739	0.000000	0.000000	0.000000	0.000000	0.000000	0.000000
Rhetorical-Question|Wh-Question	0.000000	0.000000	0.005435	0.000000	0.000000	0.000000	0.000000	0.000000	0.000000	0.000000	0.000000	0.000000	0.000000	0.000000	0.000000	0.000000	0.000000	0.013587	0.000000	0.000000	0.039855	0.000000	0.093297	0.000000	0.000000	0.000000	0.000000	0.085145	0.039855
Rhetorical-Question|Yes-No-Question	0.000000	0.000000	0.024457	0.000000	0.000000	0.000000	0.000000	0.000000	0.000000	0.005435	0.000000	0.000000	0.000000	0.000000	0.010870	0.000000	0.000000	0.019022	0.000000	0.000000	0.008152	0.000000	0.048913	0.005435	0.000000	0.000000	0.000000	0.057065	0.070652
Statement-non-opinion|Action-directive	0.000000	0.000000	0.048913	0.000000	0.000000	0.000000	0.000906	0.000000	0.000000	0.002717	0.000000	0.000000	0.000000	0.000000	0.000000	0.000000	0.000776	0.006793	0.000000	0.000000	0.024457	0.000000	0.147774	0.002717	0.000000	0.000000	0.000000	0.033514	0.014040
Statement-non-opinion|Collaborative Completion	0.000000	0.000000	0.000000	0.000000	0.000000	0.000000	0.000000	0.000000	0.000000	0.000000	0.000000	0.005435	0.000000	0.000000	0.000000	0.000000	0.000000	0.000000	0.000000	0.005435	0.000000	0.000000	0.048913	0.000000	0.000000	0.000000	0.000000	0.000000	0.010870
Statement-non-opinion|Hold Before Answer/Agreement	0.000000	0.000000	0.000000	0.000000	0.000000	0.000000	0.000000	0.000000	0.000000	0.000000	0.000000	0.000000	0.000000	0.000000	0.000000	0.000000	0.000000	0.000000	0.000000	0.000000	0.002717	0.000000	0.024457	0.000000	0.000000	0.000000	0.000000	0.000000	0.000000
Statement-non-opinion|Quotation	0.000000	0.000000	0.005435	0.000000	0.000000	0.000000	0.000000	0.000000	0.000000	0.000000	0.000000	0.000000	0.000000	0.000000	0.010870	0.000000	0.000000	0.000000	0.000000	0.000000	0.016304	0.000000	0.090580	0.000000	0.000000	0.005435	0.000000	0.042572	0.013587
Statement-non-opinion|Repeat-phrase	0.000000	0.000000	0.000000	0.000000	0.000000	0.005435	0.005435	0.000000	0.000000	0.000000	0.000000	0.000000	0.000000	0.000000	0.000000	0.000000	0.000000	0.000000	0.000000	0.000000	0.005435	0.000000	0.008152	0.000000	0.000000	0.000000	0.002717	0.010870	0.000000
Statement-non-opinion|Rhetorical-Question	0.000000	0.000000	0.041214	0.000000	0.000000	0.000000	0.000000	0.000000	0.000000	0.000000	0.004982	0.000000	0.000000	0.000000	0.003623	0.000000	0.012681	0.018116	0.000000	0.000000	0.095109	0.000000	0.116848	0.002717	0.000000	0.000000	0.008152	0.080616	0.056159
Statement-non-opinion|Statement-non-opinion	0.000000	0.000000	0.043362	0.000906	0.000259	0.005435	0.004847	0.001993	0.006861	0.001225	0.001747	0.000639	0.000000	0.000320	0.000543	0.000000	0.001879	0.018505	0.000000	0.002310	0.087634	0.001812	0.335062	0.007821	0.000340	0.002717	0.003512	0.084967	0.091826
Statement-non-opinion|Statement-opinion	0.000000	0.000000	0.010870	0.000000	0.000000	0.000000	0.000000	0.000000	0.000000	0.000000	0.000000	0.000000	0.000000	0.000000	0.000000	0.000000	0.000000	0.000000	0.000000	0.000000	0.000000	0.000000	0.059783	0.000000	0.000000	0.000000	0.000000	0.005435	0.000000
Statement-non-opinion|Uninterpretable	0.000000	0.000000	0.005435	0.000000	0.000000	0.000000	0.005435	0.000000	0.000000	0.000000	0.000000	0.000000	0.000000	0.000000	0.005435	0.000000	0.000000	0.005435	0.000000	0.005435	0.000000	0.000000	0.000000	0.000000	0.000000	0.000000	0.005435	0.000000	0.000000
Statement-non-opinion|Wh-Question	0.000000	0.000000	0.023279	0.000000	0.000000	0.001812	0.000000	0.000000	0.000000	0.000000	0.000000	0.000000	0.000000	0.000000	0.005435	0.000000	0.002717	0.008152	0.000000	0.001766	0.027627	0.000000	0.212772	0.000000	0.000000	0.000000	0.000000	0.087591	0.069067
Statement-non-opinion|Yes-No-Question	0.000000	0.000000	0.046830	0.000000	0.002717	0.000000	0.006211	0.000000	0.000000	0.000000	0.000000	0.000000	0.000000	0.000000	0.004529	0.001812	0.000906	0.021739	0.000000	0.002717	0.070199	0.000000	0.224625	0.000000	0.001359	0.000000	0.000000	0.032428	0.105668
Statement-opinion|Statement-non-opinion	0.000000	0.000000	0.000000	0.000000	0.000000	0.000000	0.000000	0.000000	0.000000	0.000000	0.000000	0.000000	0.000000	0.000000	0.000000	0.000000	0.000000	0.000000	0.000000	0.000000	0.000000	0.000000	0.054348	0.000000	0.000000	0.000000	0.000000	0.005435	0.010870
Uninterpretable|Statement-non-opinion	0.000000	0.000000	0.000000	0.000000	0.000000	0.000000	0.000000	0.000000	0.000000	0.000000	0.000000	0.000000	0.000000	0.000000	0.000000	0.000000	0.000000	0.000000	0.000000	0.000000	0.005435	0.000000	0.021739	0.000000	0.000000	0.000000	0.000000	0.000000	0.000000
Wh-Question|Action-directive	0.000000	0.000000	0.021739	0.000000	0.000000	0.000000	0.000000	0.000000	0.000000	0.000000	0.000000	0.000000	0.000000	0.000000	0.000000	0.000000	0.000000	0.005435	0.000000	0.000000	0.000000	0.000000	0.052536	0.000000	0.000000	0.000000	0.000000	0.003623	0.019928
Wh-Question|Quotation	0.000000	0.000000	0.000000	0.000000	0.000000	0.000000	0.000000	0.000000	0.000000	0.000000	0.000000	0.000000	0.000000	0.000000	0.000000	0.000000	0.000000	0.010870	0.000000	0.000000	0.000000	0.000000	0.051630	0.000000	0.000000	0.000000	0.000000	0.029891	0.000000
Wh-Question|Rhetorical-Question	0.000000	0.000000	0.019022	0.000000	0.000000	0.000000	0.000000	0.000000	0.000000	0.000000	0.000000	0.000000	0.000000	0.000000	0.000000	0.000000	0.000000	0.019022	0.000000	0.000000	0.027355	0.000000	0.053804	0.000000	0.005435	0.000000	0.000000	0.057428	0.024457
Wh-Question|Statement-non-opinion	0.000000	0.000000	0.031703	0.000000	0.000000	0.000000	0.000000	0.000000	0.000000	0.000000	0.000000	0.002899	0.000000	0.000000	0.000000	0.000000	0.000000	0.013587	0.000000	0.000000	0.100996	0.000000	0.235719	0.001087	0.000000	0.000000	0.000000	0.045743	0.051963
Wh-Question|Wh-Question	0.000000	0.000000	0.018267	0.000000	0.000000	0.000000	0.001812	0.005435	0.000000	0.001359	0.000000	0.000000	0.000000	0.000000	0.000000	0.000000	0.000000	0.017210	0.000000	0.000000	0.049607	0.000000	0.094746	0.000000	0.000000	0.000000	0.000000	0.099124	0.054831
Wh-Question|Yes-No-Question	0.000000	0.000000	0.022826	0.000000	0.000000	0.000000	0.005435	0.000000	0.000000	0.000000	0.005435	0.000000	0.000000	0.000000	0.000000	0.000000	0.000000	0.017391	0.000000	0.000000	0.016214	0.000000	0.100543	0.000000	0.000000	0.000000	0.000000	0.065851	0.065217
Yes-No-Question|Action-directive	0.000000	0.000000	0.018116	0.000000	0.000000	0.000000	0.000000	0.000000	0.000000	0.000000	0.000000	0.000000	0.000000	0.000000	0.000000	0.000000	0.000000	0.000000	0.000000	0.000000	0.008152	0.000000	0.082428	0.000000	0.000000	0.000000	0.000000	0.024457	0.024457
Yes-No-Question|Collaborative Completion	0.000000	0.000000	0.000000	0.000000	0.000000	0.000000	0.000000	0.000000	0.000000	0.000000	0.000000	0.000000	0.000000	0.000000	0.005435	0.000000	0.000000	0.000000	0.000000	0.000000	0.016304	0.000000	0.005435	0.000000	0.000000	0.000000	0.000000	0.000000	0.000000
Yes-No-Question|Quotation	0.000000	0.000000	0.002717	0.000000	0.000000	0.000000	0.000000	0.000000	0.000000	0.000000	0.000000	0.000000	0.000000	0.000000	0.000000	0.000000	0.000000	0.010870	0.000000	0.000000	0.016304	0.000000	0.038043	0.000000	0.000000	0.000000	0.000000	0.002717	0.016304
Yes-No-Question|Rhetorical-Question	0.000000	0.000000	0.024457	0.000000	0.005435	0.000000	0.000000	0.000000	0.000000	0.000000	0.000000	0.000000	0.000000	0.000000	0.005435	0.000000	0.000000	0.002717	0.000000	0.000000	0.016304	0.000000	0.057971	0.000000	0.000000	0.000000	0.002717	0.037138	0.086957
Yes-No-Question|Statement-non-opinion	0.000000	0.000000	0.009511	0.000000	0.005435	0.000000	0.000776	0.000000	0.000000	0.000000	0.000000	0.000000	0.001087	0.000000	0.000000	0.002717	0.010870	0.005435	0.000000	0.021739	0.032609	0.002717	0.267501	0.019022	0.000000	0.000000	0.000000	0.042663	0.045309
Yes-No-Question|Wh-Question	0.000000	0.000000	0.009511	0.000000	0.000000	0.000000	0.000000	0.000000	0.000000	0.001359	0.000000	0.000000	0.000000	0.000000	0.000000	0.000000	0.001812	0.016304	0.000000	0.000000	0.040761	0.000000	0.116848	0.000000	0.000000	0.000000	0.000000	0.064493	0.036957
Yes-No-Question|Yes-No-Question	0.000000	0.000000	0.032609	0.000000	0.000000	0.000000	0.002717	0.000000	0.000000	0.001581	0.000000	0.000000	0.000000	0.000000	0.000000	0.000000	0.005435	0.002174	0.000000	0.000000	0.041486	0.000000	0.079438	0.000000	0.000000	0.005435	0.002717	0.051252	0.084939
