	3rd-party-talk	Acknowledge (Backchannel)	Action-directive	Agree/Accept	Apology	Appreciation	Collaborative Completion	Conventional-closing	Conventional-opening	Declarative Yes-No-Question	Downplayer	Hold Before Answer/Agreement	No Answers	Offers, Options, Commits	Open-Question	Or-Clause	Other	Quotation	Reject	Repeat-phrase	Rhetorical-Question	Signal-non-understanding	Statement-non-opinion	Statement-opinion	Summarize/Reformulate	Thanking	Uninterpretable	Wh-Question	Yes-No-Question
3rd-party-talk	0.000000	0.000000	0.000000	0.000000	0.000000	0.000000	0.000000	0.000000	0.000000	0.000000	0.000000	0.000000	0.000000	0.000000	0.000000	0.000000	0.000000	0.000000	0.000000	0.000000	0.000000	0.000000	0.000000	0.000000	0.000000	0.000000	0.000000	0.000000	0.000000
Acknowledge (Backchannel)	0.000000	0.000000	0.000000	0.000000	0.000000	0.000000	0.000000	0.000000	0.000000	0.000000	0.000000	0.000000	0.000000	0.000000	0.000000	0.000000	0.000000	0.000000	0.000000	0.000000	0.000000	0.000000	0.000000	0.000000	0.000000	0.000000	0.000000	0.000000	0.000000
Action-directive	0.000000	0.000000	0.080776	0.000419	0.006711	0.000000	0.002181	0.000000	0.002288	0.000000	0.000000	0.000000	0.000000	0.000000	0.000000	0.000000	0.007870	0.015412	0.000000	0.001119	0.011181	0.000000	0.380424	0.030956	0.002657	0.000000	0.002685	0.031887	0.040884
Agree/Accept	0.000000	0.000000	0.000000	0.000000	0.000000	0.000000	0.000000	0.000000	0.000000	0.000000	0.000000	0.000000	0.000000	0.000000	0.000000	0.000000	0.000000	0.000000	0.000000	0.000000	0.000000	0.000000	0.000000	0.006711	0.000000	0.000000	0.000000	0.016779	0.003356
Apology	0.000000	0.000000	0.000000	0.000000	0.000000	0.000000	0.006711	0.000000	0.000000	0.000000	0.000000	0.000000	0.000000	0.000000	0.000000	0.000000	0.000000	0.000000	0.000000	0.000000	0.000000	0.000000	0.000000	0.000000	0.000000	0.000000	0.000000	0.000000	0.000000
Appreciation	0.000000	0.000000	0.000000	0.000000	0.000000	0.003356	0.000000	0.000000	0.000000	0.000000	0.000000	0.000000	0.000000	0.000000	0.000000	0.000000	0.000000	0.000000	0.000000	0.000000	0.000000	0.000000	0.010067	0.000000	0.000000	0.000000	0.000000	0.006711	0.000000
Collaborative Completion	0.000000	0.000000	0.003356	0.000000	0.000000	0.006711	0.016779	0.000000	0.000000	0.000000	0.000000	0.000000	0.000000	0.000000	0.000000	0.000000	0.000000	0.000000	0.000000	0.000000	0.000000	0.000000	0.238255	0.006711	0.000000	0.000000	0.000000	0.050336	0.020134
Conventional-closing	0.000000	0.000000	0.013423	0.000000	0.000000	0.000000	0.000000	0.000000	0.000000	0.000000	0.000000	0.000000	0.000000	0.000000	0.000000	0.000000	0.000000	0.000000	0.000000	0.000000	0.000000	0.000000	0.000000	0.000000	0.000000	0.000000	0.000000	0.000000	0.000000
Conventional-opening	0.000000	0.000000	0.020134	0.000000	0.000000	0.000000	0.000000	0.000000	0.000000	0.000000	0.000000	0.000000	0.000000	0.000000	0.000000	0.000000	0.000000	0.000000	0.000000	0.000000	0.000000	0.000000	0.120805	0.000000	0.000000	0.000000	0.000000	0.000000	0.000000
Declarative Yes-No-Question	0.000000	0.000000	0.000000	0.000000	0.000000	0.000000	0.000000	0.000000	0.000000	0.000000	0.000000	0.000000	0.000000	0.000000	0.000000	0.000000	0.000000	0.000000	0.000000	0.000000	0.020134	0.000000	0.000000	0.000000	0.000000	0.000000	0.000000	0.006711	0.000000
Downplayer	0.000000	0.000000	0.000000	0.000000	0.000000	0.000000	0.000000	0.000000	0.000000	0.000000	0.003356	0.000000	0.000000	0.000000	0.000000	0.000000	0.000000	0.000000	0.000000	0.000000	0.001678	0.000000	0.013423	0.000000	0.000000	0.000000	0.000000	0.001678	0.033557
Hold Before Answer/Agreement	0.000000	0.000000	0.000000	0.000000	0.000000	0.000000	0.000000	0.000000	0.000000	0.000000	0.000000	0.000000	0.000000	0.000000	0.000000	0.000000	0.000000	0.000000	0.000000	0.000000	0.000000	0.000000	0.000000	0.000000	0.000000	0.000000	0.000000	0.000000	0.000000
No Answers	0.000000	0.000000	0.000000	0.000000	0.000000	0.000000	0.000000	0.000000	0.000000	0.000000	0.000000	0.000000	0.000000	0.000000	0.000000	0.000000	0.000000	0.000000	0.000000	0.000000	0.000000	0.000000	0.006711	0.000000	0.000000	0.000000	0.000000	0.000000	0.000000
Offers, Options, Commits	0.000000	0.000000	0.006711	0.000000	0.000000	0.000000	0.000000	0.000000	0.000000	0.000000	0.000000	0.000000	0.000000	0.000000	0.000000	0.000000	0.000000	0.000000	0.000000	0.000000	0.000000	0.000000	0.000000	0.000000	0.000000	0.000000	0.000000	0.000000	0.000000
Open-Question	0.000000	0.000000	0.000000	0.000000	0.000000	0.000000	0.000000	0.000000	0.000000	0.000000	0.000000	0.000000	0.000000	0.000000	0.000000	0.000000	0.006711	0.000000	0.000000	0.000000	0.000000	0.000000	0.033557	0.000000	0.000000	0.000000	0.000000	0.000000	0.000000
Or-Clause	0.000000	0.000000	0.000000	0.000000	0.000000	0.000000	0.000000	0.000000	0.000000	0.000000	0.000000	0.000000	0.000000	0.000000	0.000000	0.000000	0.000000	0.000000	0.000000	0.000000	0.000000	0.000000	0.000000	0.000000	0.000000	0.000000	0.000000	0.000000	0.000000
Other	0.000000	0.000000	0.048098	0.000000	0.000000	0.000000	0.000000	0.000000	0.000000	0.000000	0.000000	0.000000	0.000000	0.000000	0.000000	0.000000	0.005034	0.000000	0.000000	0.000000	0.020134	0.000000	0.173378	0.000000	0.000000	0.000000	0.000000	0.001678	0.000000
Quotation	0.000000	0.000000	0.011745	0.000000	0.000000	0.000000	0.000000	0.000000	0.000000	0.000000	0.000000	0.000000	0.000000	0.000000	0.000000	0.000000	0.000000	0.000000	0.000000	0.000000	0.000000	0.000000	0.151007	0.003356	0.000000	0.000000	0.000000	0.021812	0.026846
Reject	0.000000	0.000000	0.000000	0.000000	0.000000	0.000000	0.000000	0.000000	0.000000	0.000000	0.000000	0.000000	0.000000	0.000000	0.000000	0.000000	0.000000	0.000000	0.000000	0.000000	0.000000	0.000000	0.000000	0.000000	0.000000	0.000000	0.000000	0.000000	0.000000
Repeat-phrase	0.000000	0.000000	0.000000	0.000000	0.000000	0.000000	0.001678	0.000000	0.000000	0.000000	0.000000	0.000000	0.000000	0.000000	0.000000	0.000000	0.006711	0.000000	0.000000	0.000000	0.001678	0.000000	0.023490	0.000000	0.000000	0.000000	0.000000	0.000000	0.000000
Rhetorical-Question	0.000000	0.000000	0.006552	0.000000	0.000000	0.006711	0.025168	0.000000	0.000000	0.000000	0.004139	0.000000	0.000000	0.000000	0.000000	0.000000	0.010626	0.001678	0.000000	0.001342	0.029051	0.000000	0.231048	0.002237	0.000000	0.000000	0.000959	0.019136	0.037192
Signal-non-understanding	0.000000	0.000000	0.000000	0.000000	0.000000	0.000000	0.006711	0.000000	0.000000	0.000000	0.000000	0.000000	0.000000	0.000000	0.000000	0.000000	0.000000	0.000000	0.000000	0.000000	0.000000	0.000000	0.013423	0.000000	0.000000	0.000000	0.000000	0.000000	0.000000
Statement-non-opinion	0.000000	0.000000	0.089100	0.000728	0.000000	0.000373	0.034176	0.001162	0.003392	0.000192	0.001325	0.000000	0.000000	0.000000	0.003268	0.000000	0.023031	0.014324	0.000000	0.003060	0.036083	0.002847	0.551018	0.071662	0.007636	0.000000	0.002762	0.063418	0.063597
Statement-opinion	0.000000	0.000000	0.087248	0.003356	0.000000	0.000000	0.013423	0.000000	0.000000	0.000000	0.000000	0.000000	0.000000	0.000000	0.000000	0.000000	0.000000	0.000000	0.000000	0.000000	0.000000	0.000000	0.293065	0.020134	0.000000	0.000000	0.000000	0.005593	0.000000
Summarize/Reformulate	0.000000	0.000000	0.006711	0.000000	0.000000	0.000000	0.000000	0.000000	0.000000	0.000000	0.000000	0.000000	0.000000	0.000000	0.000000	0.000000	0.000000	0.000000	0.000000	0.000000	0.006711	0.000000	0.046980	0.006711	0.000000	0.000000	0.000000	0.000000	0.006711
Thanking	0.000000	0.000000	0.000000	0.000000	0.000000	0.000000	0.000000	0.000000	0.000000	0.000000	0.000000	0.000000	0.000000	0.000000	0.000000	0.000000	0.000000	0.000000	0.000000	0.000000	0.000000	0.000000	0.000000	0.000000	0.000000	0.000000	0.000000	0.000000	0.000000
Uninterpretable	0.000000	0.000000	0.003356	0.000000	0.000000	0.000000	0.000000	0.000000	0.000000	0.000000	0.000000	0.000000	0.006711	0.000000	0.000000	0.000000	0.003356	0.000000	0.000000	0.000000	0.000000	0.000000	0.033557	0.000000	0.000000	0.000000	0.000000	0.000000	0.000000
Wh-Question	0.000000	0.000000	0.022995	0.006711	0.000000	0.000000	0.002237	0.000000	0.000000	0.008309	0.000000	0.000000	0.000000	0.000000	0.001119	0.000000	0.009060	0.011873	0.000000	0.000000	0.033845	0.000000	0.249880	0.030201	0.000000	0.000000	0.000000	0.049305	0.044263
Yes-No-Question	0.000000	0.000000	0.025508	0.000959	0.000000	0.000000	0.015660	0.000000	0.000000	0.000000	0.001678	0.000000	0.000000	0.000000	0.001342	0.000000	0.000959	0.002375	0.000000	0.000000	0.010678	0.000000	0.251718	0.003899	0.006711	0.000000	0.000000	0.065525	0.055941
